[gd_scene load_steps=6 format=3 uid="uid://gshkfkveg71n"]

[ext_resource type="Material" uid="uid://dcsb7mtpd7t1m" path="res://Assets/chair_material.tres" id="1_ig7tw"]
[ext_resource type="PackedScene" uid="uid://bh4ihxywrl2yh" path="res://CardsDisplayed/table_cards.tscn" id="2_0xm2m"]
[ext_resource type="PackedScene" uid="uid://bemq3k8ud8iqb" path="res://Player/player.tscn" id="3_h2yge"]

[sub_resource type="StandardMaterial3D" id="StandardMaterial3D_h2yge"]
albedo_color = Color(0.6, 0.3756, 0.204, 1)

[sub_resource type="StandardMaterial3D" id="StandardMaterial3D_7dm0k"]
albedo_color = Color(0.38, 0.1995, 0.019000005, 1)

[node name="Main" type="Node3D"]

[node name="Room" type="CSGCombiner3D" parent="."]

[node name="CSGBox3D" type="CSGBox3D" parent="Room"]
transform = Transform3D(1, 0, 0, 0, 1, 0, 0, 0, 1, 0, 1, 0)
size = Vector3(3, 2, 3)
material = SubResource("StandardMaterial3D_h2yge")

[node name="CSGBox3D2" type="CSGBox3D" parent="Room"]
transform = Transform3D(1, 0, 0, 0, 1, 0, 0, 0, 1, 0, 1, 0)
operation = 2
size = Vector3(2.9, 1.9, 2.9)

[node name="LampShade" type="CSGCombiner3D" parent="."]
use_collision = true

[node name="CSGCylinder3D" type="CSGCylinder3D" parent="LampShade"]
transform = Transform3D(1, 0, 0, 0, 1, 0, 0, 0, 1, 0, 1.9, 0)
radius = 0.2
height = 0.2
sides = 12
cone = true

[node name="CSGCylinder3D2" type="CSGCylinder3D" parent="LampShade"]
transform = Transform3D(1, 0, 0, 0, 1, 0, 0, 0, 1, 0, 1.9, 0)
operation = 2
radius = 0.19
height = 0.2
sides = 12
cone = true

[node name="Furniture" type="Node" parent="."]

[node name="Lamp" type="SpotLight3D" parent="Furniture"]
transform = Transform3D(1, 0, 0, 0, -4.371139e-08, 1, 0, -1, -4.371139e-08, 0, 1.85, 0)
light_energy = 5.0
shadow_enabled = true
spot_attenuation = 1.5

[node name="Table" type="CSGCylinder3D" parent="Furniture"]
transform = Transform3D(1, 0, 0, 0, 1, 0, 0, 0, 1, 0, 0.35, 0)
radius = 0.8
height = 0.02
sides = 30
material = SubResource("StandardMaterial3D_7dm0k")

[node name="Chair1" type="CSGBox3D" parent="Furniture"]
transform = Transform3D(0.64278764, 0, 0.76604444, 0, 1, 0, -0.76604444, 0, 0.64278764, -0.83702815, 0.2, -0.69256437)
size = Vector3(0.5, 0.8, 0.05)
material = ExtResource("1_ig7tw")

[node name="Chair2" type="CSGBox3D" parent="Furniture"]
transform = Transform3D(0.99999994, 0, 0, 0, 1, 0, 0, 0, 0.99999994, 0, 0.2, -1.1)
size = Vector3(0.5, 0.8, 0.05)
material = ExtResource("1_ig7tw")

[node name="Chair3" type="CSGBox3D" parent="Furniture"]
transform = Transform3D(0.6427876, 0, -0.7660443, 0, 1, 0, 0.7660443, 0, 0.6427876, 0.8658333, 0.2, -0.8010464)
size = Vector3(0.5, 0.8, 0.05)
material = ExtResource("1_ig7tw")

[node name="TableCards" parent="." instance=ExtResource("2_0xm2m")]
transform = Transform3D(1, 0, 0, 0, 1, 0, 0, 0, 1, 0.2406094, 0.37003052, 0.00096544623)

[node name="Player" parent="." instance=ExtResource("3_h2yge")]
transform = Transform3D(1, 0, 0, 0, 0.9510565, 0.30901697, 0, -0.30901697, 0.9510565, 0, 1.1, 1.3)
